stolb 32 128 400.54 213.083 12 12 10 108
stolb 32 128 400.54 213.083 12 12 10 108
stolb 32 128 400.54 491.415 12 12 10 108
stolb 32 128 400.54 712.008 12 12 10 108
stolb 32 128 400.54 991.149 12 12 10 108
stolb 32 128 1136.63 1140.37 12 12 10 108
stolb 32 128 1136.63 880.343 12 12 10 108
stolb 32 128 1137.63 683.941 12 12 10 108
stolb 32 128 1137.63 502.897 12 12 10 108
stolb 32 128 1137.63 223.817 12 12 10 108
stolb 32 128 1137.63 -0.959564 12 12 10 108
stolb 32 128 1137.63 -0.959564 12 12 10 108
stolb 32 128 400.063 57.2045 12 12 10 108
stolb 32 128 1519.53 142.702 12 12 10 108
stolb 32 128 1520.53 10.7017 12 12 10 108
stolb 32 128 400.29 1116.59 12 12 10 108
stolb 32 128 844.562 1040.08 12 12 10 108
stolb 32 128 844.562 832.52 12 12 10 108
stolb 32 128 844.562 667.001 12 12 10 108
stolb 32 128 692.037 837.302 12 12 10 108
0 0 0 0 0 0 0 0 0
 0 0 0 0 0 0 0 0
